10.220000267028809
13.609999656677246
14.079999923706055
18.25
16.510000228881836
25.309999465942383
22.690000534057617
29.8799991607666
26.399999618530273
37.27000045776367
35.63999938964844
45.77000045776367
46.52000045776367
53.029998779296875
49.79999923706055
52.279998779296875
52.2400016784668
51.90999984741211
54.27000045776367
54.119998931884766
55.689998626708984
55.369998931884766
54.86000061035156
57.29999923706055
57.08000183105469
56.54999923706055
58.720001220703125
62.130001068115234
60.310001373291016
61.77000045776367
63.04999923706055
64.98999786376953
62.970001220703125
65.79000091552734
64.87000274658203
68.36000061035156
67.63999938964844
69.19999694824219
67.56999969482422
70.5
69.26000213623047
71.94000244140625
69.83000183105469
74.66000366210938
71.37000274658203
75.12000274658203
72.95999908447266
75.62999725341797
73.0999984741211
76.19999694824219
73.83999633789062
76.86000061035156
73.56999969482422
78.16999816894531
75.3499984741211
78.41999816894531
76.12000274658203
79.08000183105469
75.72000122070312
79.26000213623047
77.27999877929688
80.27999877929688
79.20999908447266
81.25
79.30000305175781
81.44000244140625
79.30000305175781
81.5
80.26000213623047
82.37999725341797
80.69000244140625
82.11000061035156
80.3499984741211
82.05999755859375
80.44999694824219
82.5999984741211
81.08999633789062
82.19999694824219
81.12999725341797
82.61000061035156
81.93000030517578
83.26000213623047
81.72000122070312
83.38999938964844
82.58000183105469
84.13999938964844
82.80000305175781
83.95999908447266
82.66000366210938
83.7699966430664
82.98999786376953
83.83000183105469
83.0
84.26000213623047
82.76000213623047
84.31999969482422
83.26000213623047
84.81999969482422
83.81999969482422
85.08000183105469
