10.279999732971191
13.390000343322754
14.40999984741211
17.610000610351562
15.229999542236328
21.68000030517578
18.899999618530273
25.360000610351562
21.959999084472656
29.6200008392334
31.260000228881836
40.189998626708984
44.97999954223633
49.33000183105469
46.70000076293945
48.279998779296875
50.630001068115234
49.20000076293945
53.31999969482422
52.209999084472656
53.31999969482422
54.08000183105469
53.529998779296875
55.18000030517578
56.45000076293945
54.4900016784668
58.81999969482422
61.560001373291016
60.869998931884766
61.290000915527344
63.59000015258789
64.69000244140625
63.09000015258789
65.23999786376953
64.02999877929688
67.33999633789062
67.5999984741211
68.0999984741211
67.55999755859375
69.2699966430664
67.41999816894531
70.16999816894531
67.58000183105469
72.73999786376953
69.37999725341797
74.25
71.70999908447266
74.43000030517578
71.9000015258789
74.5
70.97000122070312
74.11000061035156
70.37000274658203
76.5199966430664
72.91000366210938
75.7300033569336
73.66999816894531
76.2699966430664
72.19000244140625
75.94999694824219
74.0999984741211
78.16000366210938
77.56999969482422
79.33999633789062
77.66999816894531
79.79000091552734
76.91000366210938
79.5
78.66000366210938
80.94000244140625
79.44000244140625
80.5
79.20999908447266
80.56999969482422
79.9000015258789
81.18000030517578
79.69999694824219
80.54000091552734
79.26000213623047
80.58999633789062
80.11000061035156
81.62000274658203
80.25
81.83999633789062
81.1500015258789
82.9800033569336
81.58999633789062
82.55000305175781
80.9800033569336
82.16999816894531
81.68000030517578
82.62000274658203
81.83999633789062
83.36000061035156
81.02999877929688
82.86000061035156
81.30000305175781
83.29000091552734
82.05999755859375
83.26000213623047
