17.65999984741211
17.68000030517578
10.960000038146973
15.600000381469727
14.630000114440918
15.869999885559082
10.399999618530273
11.859999656677246
16.229999542236328
22.65999984741211
29.979999542236328
31.06999969482422
31.290000915527344
30.84000015258789
33.61000061035156
29.1299991607666
28.40999984741211
27.770000457763672
34.52000045776367
38.779998779296875
35.939998626708984
32.02000045776367
32.040000915527344
31.3799991607666
37.68000030517578
36.619998931884766
37.810001373291016
41.86000061035156
44.220001220703125
45.709999084472656
39.04999923706055
39.70000076293945
41.560001373291016
42.779998779296875
43.400001525878906
41.40999984741211
43.97999954223633
41.52000045776367
43.599998474121094
41.130001068115234
40.869998931884766
35.79999923706055
38.11000061035156
39.59000015258789
39.2599983215332
41.029998779296875
35.959999084472656
39.529998779296875
41.70000076293945
41.099998474121094
33.619998931884766
36.650001525878906
33.56999969482422
30.899999618530273
35.2400016784668
33.04999923706055
37.70000076293945
35.130001068115234
36.720001220703125
38.459999084472656
37.4900016784668
39.599998474121094
36.61000061035156
35.36000061035156
29.700000762939453
34.97999954223633
34.95000076293945
31.809999465942383
32.77000045776367
33.029998779296875
34.27000045776367
38.83000183105469
43.27000045776367
37.720001220703125
35.689998626708984
37.209999084472656
34.689998626708984
34.880001068115234
33.33000183105469
34.369998931884766
34.66999816894531
36.9900016784668
38.47999954223633
39.459999084472656
38.119998931884766
30.110000610351562
34.54999923706055
32.720001220703125
30.729999542236328
34.20000076293945
35.04999923706055
33.689998626708984
33.970001220703125
35.939998626708984
34.290000915527344
31.5
27.3700008392334
29.3799991607666
30.649999618530273
29.850000381469727
