9.960000038146973
9.989999771118164
9.90999984741211
10.329999923706055
10.59000015258789
10.800000190734863
10.90999984741211
10.789999961853027
11.729999542236328
11.75
12.109999656677246
11.710000038146973
12.550000190734863
13.489999771118164
13.329999923706055
13.890000343322754
15.34000015258789
16.780000686645508
17.329999923706055
17.280000686645508
18.920000076293945
19.239999771118164
19.920000076293945
21.290000915527344
21.239999771118164
22.040000915527344
23.3700008392334
23.65999984741211
26.110000610351562
27.15999984741211
27.260000228881836
26.829999923706055
25.209999084472656
27.299999237060547
28.329999923706055
29.0
28.8799991607666
27.459999084472656
29.75
30.3799991607666
30.520000457763672
30.299999237060547
28.56999969482422
31.489999771118164
33.33000183105469
32.4900016784668
31.959999084472656
29.290000915527344
30.209999084472656
32.369998931884766
31.93000030517578
31.860000610351562
30.0
30.559999465942383
33.7400016784668
34.18000030517578
36.36000061035156
33.91999816894531
34.09000015258789
35.47999954223633
35.849998474121094
35.72999954223633
32.84000015258789
32.810001373291016
34.95000076293945
33.84000015258789
33.84000015258789
32.77000045776367
31.829999923706055
32.41999816894531
32.40999984741211
32.4900016784668
30.709999084472656
31.479999542236328
33.619998931884766
32.970001220703125
32.68000030517578
30.670000076293945
30.6299991607666
32.5
32.13999938964844
33.810001373291016
32.75
32.09000015258789
32.79999923706055
34.400001525878906
34.40999984741211
34.099998474121094
32.93000030517578
34.5
33.720001220703125
35.130001068115234
33.20000076293945
32.77000045776367
35.380001068115234
35.18000030517578
34.599998474121094
33.529998779296875
33.709999084472656
35.13999938964844
