17.520000457763672
17.200000762939453
10.770000457763672
15.710000038146973
15.3100004196167
15.029999732971191
10.90999984741211
11.100000381469727
15.800000190734863
24.280000686645508
30.25
33.02000045776367
32.09000015258789
32.9900016784668
36.45000076293945
30.040000915527344
31.760000228881836
31.420000076293945
38.869998931884766
43.7599983215332
42.099998474121094
41.56999969482422
41.27000045776367
36.810001373291016
47.02000045776367
43.58000183105469
46.529998779296875
45.20000076293945
48.79999923706055
53.540000915527344
50.34000015258789
46.619998931884766
48.119998931884766
49.70000076293945
55.459999084472656
52.9900016784668
52.790000915527344
49.63999938964844
50.650001525878906
48.470001220703125
47.29999923706055
45.630001068115234
46.27000045776367
46.689998626708984
46.459999084472656
48.5
47.310001373291016
49.349998474121094
47.470001220703125
48.41999816894531
41.5
45.060001373291016
44.25
40.83000183105469
43.310001373291016
42.119998931884766
45.61000061035156
45.61000061035156
44.900001525878906
45.72999954223633
42.369998931884766
50.2599983215332
49.7599983215332
50.459999084472656
42.88999938964844
45.189998626708984
43.43000030517578
42.83000183105469
45.16999816894531
48.650001525878906
52.66999816894531
54.540000915527344
56.689998626708984
53.70000076293945
48.689998626708984
51.08000183105469
49.560001373291016
46.06999969482422
46.90999984741211
50.529998779296875
51.869998931884766
54.7599983215332
51.75
53.27000045776367
49.70000076293945
43.7599983215332
47.02000045776367
47.47999954223633
41.630001068115234
45.4900016784668
47.790000915527344
47.849998474121094
47.18000030517578
48.81999969482422
41.45000076293945
38.88999938964844
38.189998626708984
42.58000183105469
41.56999969482422
45.54999923706055
