10.0600004196167
9.979999542236328
10.25
10.460000038146973
10.430000305175781
11.329999923706055
11.819999694824219
10.510000228881836
12.770000457763672
11.75
12.949999809265137
12.350000381469727
11.430000305175781
12.15999984741211
10.75
11.430000305175781
14.510000228881836
13.59000015258789
14.210000038146973
15.979999542236328
20.799999237060547
20.489999771118164
22.139999389648438
24.100000381469727
23.530000686645508
24.149999618530273
25.15999984741211
28.59000015258789
28.729999542236328
29.280000686645508
30.110000610351562
30.920000076293945
29.43000030517578
31.559999465942383
31.520000457763672
32.95000076293945
31.670000076293945
30.31999969482422
32.709999084472656
31.8700008392334
32.810001373291016
32.869998931884766
32.810001373291016
35.58000183105469
34.11000061035156
33.29999923706055
31.790000915527344
31.0
32.7400016784668
32.790000915527344
32.70000076293945
32.650001525878906
32.130001068115234
33.150001525878906
32.959999084472656
32.119998931884766
33.79999923706055
32.439998626708984
33.33000183105469
35.91999816894531
35.040000915527344
36.619998931884766
36.2599983215332
35.45000076293945
35.869998931884766
34.97999954223633
36.150001525878906
35.93000030517578
34.61000061035156
35.38999938964844
37.63999938964844
39.09000015258789
39.810001373291016
40.779998779296875
40.86000061035156
40.77000045776367
40.369998931884766
40.2400016784668
40.34000015258789
41.040000915527344
40.95000076293945
43.310001373291016
44.45000076293945
44.790000915527344
44.189998626708984
42.65999984741211
44.88999938964844
44.290000915527344
44.58000183105469
45.52000045776367
44.33000183105469
45.65999984741211
44.65999984741211
45.52000045776367
46.22999954223633
45.45000076293945
45.349998474121094
45.52000045776367
45.33000183105469
44.72999954223633
