13.40999984741211
13.479999542236328
12.739999771118164
21.610000610351562
15.34000015258789
15.260000228881836
11.390000343322754
10.399999618530273
20.600000381469727
24.149999618530273
32.81999969482422
34.9900016784668
36.77000045776367
39.540000915527344
36.61000061035156
36.29999923706055
38.720001220703125
38.959999084472656
41.68000030517578
43.36000061035156
39.70000076293945
40.0
39.97999954223633
41.56999969482422
45.88999938964844
43.4900016784668
46.95000076293945
47.779998779296875
51.09000015258789
52.529998779296875
51.119998931884766
47.81999969482422
53.11000061035156
55.25
56.279998779296875
53.20000076293945
57.02000045776367
54.31999969482422
52.06999969482422
51.5099983215332
50.04999923706055
50.689998626708984
50.52000045776367
49.59000015258789
51.61000061035156
51.790000915527344
52.22999954223633
51.900001525878906
54.61000061035156
56.540000915527344
49.7599983215332
54.65999984741211
52.91999816894531
53.0099983215332
54.56999969482422
48.68000030517578
51.16999816894531
51.369998931884766
53.630001068115234
52.400001525878906
50.349998474121094
55.689998626708984
54.119998931884766
56.36000061035156
55.59000015258789
54.29999923706055
51.9900016784668
52.95000076293945
56.779998779296875
59.099998474121094
59.150001525878906
60.59000015258789
58.150001525878906
57.18000030517578
57.83000183105469
59.43000030517578
59.52000045776367
55.9900016784668
58.720001220703125
60.470001220703125
62.20000076293945
61.380001068115234
57.900001525878906
59.459999084472656
58.130001068115234
55.150001525878906
55.939998626708984
54.349998474121094
53.209999084472656
56.650001525878906
59.22999954223633
57.630001068115234
55.06999969482422
56.709999084472656
52.720001220703125
53.529998779296875
52.79999923706055
51.400001525878906
54.68000030517578
54.400001525878906
