10.489999771118164
10.670000076293945
9.59000015258789
13.619999885559082
12.649999618530273
22.84000015258789
24.459999084472656
30.3799991607666
31.709999084472656
33.25
35.83000183105469
38.400001525878906
32.61000061035156
41.02000045776367
43.4900016784668
43.54999923706055
38.36000061035156
42.02000045776367
41.25
51.36000061035156
46.029998779296875
47.61000061035156
48.189998626708984
46.79999923706055
50.029998779296875
52.15999984741211
50.43000030517578
54.22999954223633
54.880001068115234
55.189998626708984
55.45000076293945
54.36000061035156
56.880001068115234
51.79999923706055
51.970001220703125
54.79999923706055
55.65999984741211
54.61000061035156
51.72999954223633
52.630001068115234
57.15999984741211
56.72999954223633
53.59000015258789
56.95000076293945
55.849998474121094
55.70000076293945
54.66999816894531
58.029998779296875
59.400001525878906
61.36000061035156
57.08000183105469
56.95000076293945
60.970001220703125
61.45000076293945
61.9900016784668
61.0
61.84000015258789
61.599998474121094
59.9900016784668
61.04999923706055
61.779998779296875
62.599998474121094
63.040000915527344
58.810001373291016
60.869998931884766
61.880001068115234
62.61000061035156
60.310001373291016
60.540000915527344
62.5099983215332
59.68000030517578
57.20000076293945
57.11000061035156
59.5
57.209999084472656
59.61000061035156
60.869998931884766
59.22999954223633
60.959999084472656
60.88999938964844
58.720001220703125
62.52000045776367
60.56999969482422
55.83000183105469
57.83000183105469
57.33000183105469
58.04999923706055
59.619998931884766
62.29999923706055
62.59000015258789
60.959999084472656
60.33000183105469
56.79999923706055
60.11000061035156
59.11000061035156
57.81999969482422
57.40999984741211
52.650001525878906
56.310001373291016
55.20000076293945
