9.960000038146973
10.800000190734863
6.550000190734863
12.0600004196167
18.06999969482422
10.649999618530273
9.079999923706055
6.099999904632568
7.989999771118164
11.680000305175781
9.430000305175781
10.140000343322754
9.149999618530273
8.579999923706055
9.960000038146973
9.890000343322754
11.770000457763672
13.199999809265137
14.3100004196167
14.15999984741211
9.40999984741211
10.949999809265137
10.079999923706055
11.050000190734863
9.760000228881836
10.069999694824219
9.569999694824219
5.71999979019165
6.659999847412109
7.869999885559082
9.550000190734863
10.180000305175781
8.899999618530273
11.859999656677246
14.1899995803833
16.3799991607666
13.449999809265137
10.640000343322754
8.619999885559082
9.949999809265137
12.15999984741211
11.390000343322754
14.3100004196167
11.979999542236328
12.34000015258789
11.84000015258789
11.170000076293945
11.180000305175781
9.890000343322754
11.40999984741211
10.880000114440918
10.579999923706055
9.34000015258789
9.770000457763672
10.970000267028809
10.789999961853027
9.8100004196167
11.619999885559082
11.800000190734863
10.470000267028809
10.390000343322754
8.989999771118164
8.890000343322754
9.699999809265137
10.930000305175781
10.25
11.109999656677246
11.979999542236328
10.65999984741211
11.539999961853027
10.710000038146973
11.550000190734863
11.859999656677246
11.979999542236328
12.100000381469727
13.380000114440918
13.430000305175781
15.350000381469727
14.5600004196167
14.470000267028809
15.220000267028809
16.079999923706055
14.170000076293945
17.170000076293945
16.399999618530273
14.609999656677246
13.319999694824219
12.270000457763672
9.600000381469727
11.100000381469727
13.039999961853027
11.420000076293945
12.119999885559082
13.960000038146973
12.319999694824219
13.59000015258789
11.760000228881836
12.029999732971191
14.59000015258789
14.479999542236328
