11.279999732971191
11.630000114440918
14.430000305175781
23.06999969482422
24.739999771118164
33.83000183105469
31.100000381469727
26.610000610351562
44.97999954223633
49.33000183105469
51.779998779296875
50.40999984741211
40.369998931884766
52.869998931884766
55.77000045776367
53.83000183105469
52.81999969482422
47.380001068115234
51.88999938964844
54.54999923706055
54.099998474121094
54.060001373291016
50.91999816894531
54.130001068115234
54.849998474121094
58.0
57.31999969482422
56.060001373291016
63.08000183105469
59.310001373291016
64.5999984741211
61.79999923706055
60.66999816894531
70.98999786376953
64.9800033569336
70.37999725341797
69.2300033569336
69.33000183105469
76.33000183105469
70.43000030517578
74.19999694824219
76.23999786376953
76.58999633789062
79.5
72.94999694824219
77.52999877929688
80.7300033569336
81.0199966430664
82.08999633789062
76.25
79.44999694824219
83.0
83.51000213623047
83.83000183105469
78.91999816894531
81.73999786376953
85.72000122070312
85.20999908447266
85.73999786376953
81.37999725341797
83.19999694824219
86.44999694824219
86.26000213623047
87.12000274658203
83.5
85.0999984741211
87.97000122070312
87.51000213623047
88.16999816894531
84.55999755859375
86.36000061035156
88.54000091552734
88.43000030517578
88.58999633789062
86.29000091552734
87.41999816894531
89.55000305175781
89.1500015258789
89.37000274658203
87.4800033569336
88.87000274658203
90.08999633789062
89.58000183105469
90.08000183105469
88.08999633789062
89.22000122070312
90.55000305175781
90.0999984741211
90.45999908447266
88.87999725341797
90.01000213623047
90.95999908447266
90.69999694824219
90.94000244140625
89.4800033569336
90.25
91.12000274658203
91.08000183105469
91.26000213623047
90.08999633789062
