9.949999809265137
10.069999694824219
10.0600004196167
10.399999618530273
10.430000305175781
10.729999542236328
10.819999694824219
10.470000267028809
11.670000076293945
11.539999961853027
11.84000015258789
11.369999885559082
11.649999618530273
12.260000228881836
12.119999885559082
12.380000114440918
14.609999656677246
15.539999961853027
16.200000762939453
16.3700008392334
18.399999618530273
18.760000228881836
19.59000015258789
20.920000076293945
20.549999237060547
21.489999771118164
22.90999984741211
23.75
26.530000686645508
27.149999618530273
27.389999389648438
26.3700008392334
25.049999237060547
26.6200008392334
27.670000076293945
28.5
28.729999542236328
27.579999923706055
30.15999984741211
30.360000610351562
30.309999465942383
30.100000381469727
29.18000030517578
32.459999084472656
34.029998779296875
32.849998474121094
31.420000076293945
29.149999618530273
30.010000228881836
31.270000457763672
31.059999465942383
30.860000610351562
29.440000534057617
30.420000076293945
32.459999084472656
32.83000183105469
36.04999923706055
34.15999984741211
33.93000030517578
35.029998779296875
35.34000015258789
35.29999923706055
32.720001220703125
33.25
34.790000915527344
33.849998474121094
33.63999938964844
33.52000045776367
32.040000915527344
31.489999771118164
32.130001068115234
32.7599983215332
30.850000381469727
31.530000686645508
33.790000915527344
33.380001068115234
32.97999954223633
31.010000228881836
30.729999542236328
32.619998931884766
32.290000915527344
35.0
34.720001220703125
33.369998931884766
33.93000030517578
35.06999969482422
35.11000061035156
35.06999969482422
34.13999938964844
35.220001220703125
34.220001220703125
36.369998931884766
34.380001068115234
34.15999984741211
37.099998474121094
36.08000183105469
35.41999816894531
34.20000076293945
34.54999923706055
35.599998474121094
