17.079999923706055
16.639999389648438
11.34000015258789
16.329999923706055
7.230000019073486
14.109999656677246
14.180000305175781
10.920000076293945
17.790000915527344
14.319999694824219
21.68000030517578
20.829999923706055
20.3700008392334
19.290000915527344
22.889999389648438
24.799999237060547
21.1200008392334
18.860000610351562
17.829999923706055
23.290000915527344
19.56999969482422
20.780000686645508
20.18000030517578
18.68000030517578
22.760000228881836
21.780000686645508
25.420000076293945
27.84000015258789
25.389999389648438
23.200000762939453
21.399999618530273
22.579999923706055
20.65999984741211
18.93000030517578
16.549999237060547
18.56999969482422
20.110000610351562
22.709999084472656
21.420000076293945
19.3700008392334
22.75
14.649999618530273
13.619999885559082
12.640000343322754
14.239999771118164
14.4399995803833
13.149999618530273
14.270000457763672
14.680000305175781
13.890000343322754
14.609999656677246
14.880000114440918
14.029999732971191
15.0
13.800000190734863
14.289999961853027
13.319999694824219
11.039999961853027
13.149999618530273
13.369999885559082
10.949999809265137
12.760000228881836
12.460000038146973
12.59000015258789
12.739999771118164
13.100000381469727
16.350000381469727
17.979999542236328
15.300000190734863
14.5600004196167
15.319999694824219
15.600000381469727
15.84000015258789
13.40999984741211
12.529999732971191
14.550000190734863
15.819999694824219
10.449999809265137
12.819999694824219
12.800000190734863
12.880000114440918
13.710000038146973
12.420000076293945
11.59000015258789
13.0
14.050000190734863
13.229999542236328
13.130000114440918
13.5600004196167
15.739999771118164
12.050000190734863
12.180000305175781
12.170000076293945
12.100000381469727
12.619999885559082
12.050000190734863
13.819999694824219
10.319999694824219
13.430000305175781
11.479999542236328
