9.739999771118164
9.420000076293945
8.609999656677246
10.579999923706055
10.149999618530273
9.920000076293945
11.819999694824219
11.800000190734863
12.199999809265137
11.180000305175781
12.050000190734863
11.130000114440918
10.880000114440918
10.170000076293945
10.0
10.699999809265137
16.760000228881836
18.420000076293945
19.149999618530273
15.9399995803833
17.079999923706055
17.25
17.530000686645508
18.84000015258789
20.079999923706055
18.030000686645508
16.950000762939453
18.209999084472656
19.600000381469727
22.020000457763672
21.989999771118164
21.549999237060547
21.84000015258789
23.209999084472656
22.600000381469727
21.940000534057617
21.489999771118164
19.290000915527344
18.81999969482422
18.739999771118164
20.920000076293945
17.31999969482422
18.15999984741211
16.0
15.170000076293945
18.299999237060547
21.290000915527344
23.969999313354492
22.90999984741211
22.899999618530273
18.229999542236328
17.40999984741211
17.639999389648438
16.389999389648438
19.860000610351562
16.270000457763672
15.529999732971191
13.829999923706055
13.029999732971191
14.25
14.380000114440918
14.420000076293945
12.619999885559082
15.460000038146973
16.799999237060547
17.3700008392334
20.049999237060547
20.440000534057617
19.309999465942383
15.800000190734863
17.700000762939453
19.459999084472656
17.09000015258789
18.06999969482422
17.360000610351562
16.969999313354492
16.770000457763672
18.670000076293945
20.770000457763672
20.010000228881836
19.81999969482422
19.079999923706055
18.510000228881836
17.200000762939453
14.380000114440918
14.550000190734863
13.680000305175781
12.970000267028809
13.550000190734863
13.550000190734863
13.739999771118164
12.989999771118164
14.270000457763672
14.630000114440918
16.559999465942383
17.270000457763672
17.90999984741211
17.579999923706055
17.450000762939453
19.049999237060547
