9.949999809265137
10.039999961853027
9.970000267028809
10.3100004196167
10.550000190734863
10.8100004196167
10.899999618530273
10.920000076293945
11.619999885559082
11.920000076293945
12.3100004196167
11.90999984741211
13.050000190734863
14.130000114440918
13.869999885559082
14.75
15.699999809265137
17.31999969482422
17.950000762939453
17.920000076293945
19.479999542236328
19.739999771118164
20.469999313354492
21.760000228881836
21.780000686645508
22.790000915527344
23.81999969482422
24.100000381469727
26.729999542236328
27.350000381469727
27.6200008392334
27.1200008392334
25.6200008392334
27.59000015258789
28.959999084472656
29.389999389648438
29.1200008392334
27.25
29.649999618530273
30.809999465942383
30.860000610351562
30.6299991607666
28.68000030517578
31.040000915527344
32.970001220703125
32.20000076293945
32.099998474121094
29.350000381469727
30.459999084472656
32.65999984741211
32.40999984741211
32.40999984741211
30.399999618530273
31.09000015258789
34.099998474121094
34.31999969482422
35.650001525878906
33.5
33.4900016784668
34.880001068115234
35.45000076293945
35.56999969482422
32.59000015258789
32.619998931884766
34.65999984741211
33.7400016784668
33.84000015258789
32.779998779296875
31.940000534057617
32.72999954223633
32.560001373291016
32.810001373291016
30.979999542236328
31.5
33.43000030517578
33.09000015258789
32.880001068115234
30.84000015258789
30.93000030517578
32.52000045776367
32.439998626708984
33.86000061035156
32.38999938964844
32.06999969482422
32.93000030517578
34.279998779296875
34.38999938964844
33.869998931884766
32.619998931884766
34.290000915527344
33.72999954223633
34.97999954223633
33.16999816894531
32.880001068115234
35.130001068115234
35.18000030517578
34.619998931884766
33.56999969482422
33.709999084472656
35.06999969482422
