10.920000076293945
12.930000305175781
11.899999618530273
20.959999084472656
19.350000381469727
20.09000015258789
14.260000228881836
10.510000228881836
31.520000457763672
30.690000534057617
42.689998626708984
37.18000030517578
39.81999969482422
51.33000183105469
58.16999816894531
57.369998931884766
54.619998931884766
47.15999984741211
56.13999938964844
61.400001525878906
58.86000061035156
60.209999084472656
50.06999969482422
59.560001373291016
62.68000030517578
61.22999954223633
58.66999816894531
53.88999938964844
61.939998626708984
65.7699966430664
62.459999084472656
59.9900016784668
61.279998779296875
68.76000213623047
70.54000091552734
67.58000183105469
66.95999908447266
63.900001525878906
69.2699966430664
67.83000183105469
68.69000244140625
69.31999969482422
68.7699966430664
71.37000274658203
72.37999725341797
71.0199966430664
70.38999938964844
70.76000213623047
72.11000061035156
77.0199966430664
76.08999633789062
76.33000183105469
74.0999984741211
76.87000274658203
80.51000213623047
78.68000030517578
76.55000305175781
75.86000061035156
77.48999786376953
79.58999633789062
78.62000274658203
77.83000183105469
75.05999755859375
77.36000061035156
79.51000213623047
77.91999816894531
76.48999786376953
74.8499984741211
77.19999694824219
78.8499984741211
77.69000244140625
75.9800033569336
75.3499984741211
77.30000305175781
78.7300033569336
79.38999938964844
79.36000061035156
77.33000183105469
79.33999633789062
81.04000091552734
80.81999969482422
80.48999786376953
78.4000015258789
79.33000183105469
81.3499984741211
80.86000061035156
80.80000305175781
79.80000305175781
80.73999786376953
82.26000213623047
81.62000274658203
81.06999969482422
79.7300033569336
80.31999969482422
81.30999755859375
80.22000122070312
80.4000015258789
78.31999969482422
79.81999969482422
82.05000305175781
