12.020000457763672
9.40999984741211
13.579999923706055
10.020000457763672
10.079999923706055
8.449999809265137
9.949999809265137
13.529999732971191
13.760000228881836
9.920000076293945
8.649999618530273
7.75
13.010000228881836
13.670000076293945
12.710000038146973
15.859999656677246
13.5
12.960000038146973
13.569999694824219
13.390000343322754
17.520000457763672
17.6299991607666
16.670000076293945
13.850000381469727
12.210000038146973
12.260000228881836
14.170000076293945
18.149999618530273
12.800000190734863
9.3100004196167
7.869999885559082
10.390000343322754
15.039999961853027
15.430000305175781
14.25
12.920000076293945
13.550000190734863
15.619999885559082
14.539999961853027
12.539999961853027
14.010000228881836
11.65999984741211
10.850000381469727
8.970000267028809
8.869999885559082
9.729999542236328
10.220000267028809
11.029999732971191
11.180000305175781
10.579999923706055
7.420000076293945
9.600000381469727
13.100000381469727
13.720000267028809
10.90999984741211
12.960000038146973
10.260000228881836
7.340000152587891
8.529999732971191
8.880000114440918
9.229999542236328
10.079999923706055
10.319999694824219
11.0600004196167
13.449999809265137
11.460000038146973
9.579999923706055
12.739999771118164
10.149999618530273
10.229999542236328
11.920000076293945
13.779999732971191
13.15999984741211
11.149999618530273
14.020000457763672
13.199999809265137
14.029999732971191
15.720000267028809
19.68000030517578
15.15999984741211
16.440000534057617
16.3700008392334
17.600000381469727
17.450000762939453
17.809999465942383
15.600000381469727
16.299999237060547
15.1899995803833
14.899999618530273
13.350000381469727
11.739999771118164
15.09000015258789
18.579999923706055
16.770000457763672
17.489999771118164
16.18000030517578
17.059999465942383
13.229999542236328
12.319999694824219
9.819999694824219
